mss:  1277.27777778
amse:  677
accuracy:  0.738452977184