mss:  1495.59473684
amse:  531
accuracy:  0.862548692265